30965
31469
32125
17434
3656
31448
9293
10547
27300
31256
17369
25581
6812
17660
24832
26681
31405
23845
29106
9181
4826
30360
13743
1058
21907
19218
3217
973
17883
14236
27917
21841
18602
22622
24950
32067
9616
5816
11650
28942
31388
23951
337
3560
10108
26597
23979
31749
29669
23981
3466
21002
30006
13021
22744
3268
30552
31940
21625
12058
27880
12702
29580
7744
10904
1638
15854
3630
29138
24299
20480
4689
3743
1062
1963
9856
3272
5323
673
17457
18491
25630
20965
22509
23727
15112
1677
11009
14475
12138
31687
5495
22276
1457
538
3140
25990
20651
20462
24515
22614
17305
23375
15970
12917
27269
238
20380
1223
15573
7272
31527
26740
15905
30155
12398
30863
8514
10327
16961
3830
8619
26241
10955
18553
1789
16190
19397
5182
1749
18557
32490
21091
30952
21237
2731
17894
4435
2850
20259
24002
5420
11146
16205
6491
15709
9285
31349
3100
15282
23484
6636
17503
5680
27825
1792
6541
19625
1408
27947
9606
31885
19620
7307
27971
30467
28284
28818
31930
32056
14415
3839
31233
5879
25743
4877
29623
14203
31834
30954
28320
9345
29254
23914
30351
21409
23134
26109
13961
12765
25448
25823
23591
2427
30058
3470
19004
31248
6508
19841
24248
14046
3710
7447
20428
32607
12285
23758
25679
1570
4371
4789
2913
14806
29053
7204
5966
9381
28561
10154
8117
21955
7039
2887
20201
2374
20439
19163
7831
568
29515
25311
18345
19178
1975
11091
26987
20364
10846
26359
11244
1787
26998
21182
25000
7642
4840
18816
27747
22500
24657
20463
26968
7040
9292
7372
26771
23446
23795
29019
13212
21410
20387
22036
26453
18951
4608
3995
25893
19621
9273
24562
24406
7085
142
26606
1212
14004
17423
15591
3992
16391
21670
1716
15291
10815
10327
14806
26607
25621
4551
16884
26258
30327
13819
12424
16772
18651
3939
17367
30020
32723
8727
23078
26453
10721
17760
9515
7143
11917
9850
12738
28339
13238
26776
6113
21287
27942
1577
26318
24515
2665
22362
8591
10435
14046
25052
24483
11774
24590
21991
26095
24590
13885
23679
19451
177
6975
6902
350
25199
29581
4018
18295
19325
3480
11312
29534
32738
4957
20553
3098
14040
14906
2740
6421
32629
9472
17101
13517
22666
11337
12180
14283
32716
268
16377
4057
15409
23918
22615
6000
10141
14299
2366
368
15294
11350
9077
11539
9780
4109
19775
30244
10230
25393
31966
21868
1009
5380
31830
25966
16626
20020
23155
8020
17093
13671
27917
25640
32415
25111
18571
9799
20153
29088
20646
18195
10558
29335
18032
31977
15975
6750
30612
21843
16868
30965
29407
10110
25471
7955
26111
2798
15100
27254
2187
9840
11075
27767
14404
27472
193
7905
10907
4301
20235
23299
22387
25546
20932
18180
295
16070
21698
11639
32207
15886
26476
29487
9663
1073
24422
8021
2897
8885
28273
10679
24549
31496
20364
867
10789
11193
20319
3445
12686
24040
13274
29229
17196
1788
18202
5189
13220
29332
2444
2177
17016
10431
20308
19847
17031
1135
19696
13809
11219
3627
22296
14497
31367
28421
23017
6996
32569
4044
19267
11130
1132
14466
7280
31046
27993
17424
28422
18689
12783
15417
4366
11939
23576
29133
1125
1956
27198
25887
5475
18192
15118
4792
17595
18394
26235
30797
2210
6514
10246
26095
10548
31385
15933
28546
15379
30325
25474
4720
849
22496
17422
25503
13200
26374
5430
22944
25959
9519
12780
1833
13832
31449
24712
22981
23328
3082
9673
12490
11775
9956
18710
24715
29177
122
28170
30160
23052
13282
26416
19843
4547
14220
9739
21676
19801
15569
27738
1184
9506
11727
8857
28532
16423
15733
30667
28856
4624
15834
11895
22114
12360
12499
15089
5641
603
18116
5850
25172
20899
16310
28138
13489
31779
25258
2029
8010
20147
32557
5132
31541
19038
11565
14670
18154
22792
16139
4191
18683
13651
6641
27279
19199
2500
26726
2589
207
2850
23328
12214
28662
4639
27673
8505
27490
30779
22501
3517
30560
15332
16706
29397
10695
12258
13041
26387
23154
14834
29636
28106
14324
25777
24825
14360
5256
18620
17094
30500
32583
4374
20277
9125
32158
7882
20274
24228
30974
4049
6626
20354
13525
11573
23095
9020
24766
1143
21186
4334
6900
12335
5064
1942
30477
5106
22423
26907
23781
3960
31002
30350
21464
27902
14508
20911
3636
3818
17194
14259
18669
8366
12108
22852
21395
20206
25909
29642
21634
19173
9288
4073
7513
7429
6974
2378
9133
2781
18037
17311
29182
5184
2187
12513
9449
19364
12588
3292
18592
3528
26152
29166
10904
23706
8905
11020
29569
24919
16739
26373
7547
23028
17196
12555
6791
30141
19022
21103
16187
25916
31291
428
17851
8540
12865
679
31972
11726
22110
7221
30666
23212
6741
1758
20837
18780
769
14561
22663
14520
4586
13175
14353
23659
20246
13660
28519
17310
9506
30348
12065
4821
17297
20810
28164
5395
31587
31847
18992
26693
18921
15041
2714
18653
1497
9226
21693
16574
25246
27339
27277
15704
15857
17320
1197
20756
27565
20965
7393
9202
29663
15657
15558
22384
30493
21634
9409
25007
11546
25258
24373
9169
12663
6025
5113
16293
4827
11002
12297
28806
22597
7378
13691
27520
28833
13855
18357
2741
16538
12205
18398
18431
17072
8655
5522
19159
28042
8539
18394
3446
21645
11767
29275
23865
13997
21907
19149
14922
28547
12599
17071
23165
32416
7935
26937
21368
6434
23908
10643
12311
31109
27580
14660
29967
25019
21508
19181
22737
894
16862
22839
12977
17125
2774
7690
25927
1845
3049
2560
18453
3578
72
20505
21611
29783
13657
22960
6536
27291
16383
13997
15362
17940
5915
24061
1128
25896
14163
21055
16677
6561
13330
32448
32679
3401
22991
24746
24769
21687
17811
20600
3150
9320
5557
32685
2072
23570
6120
32454
30200
23604
6265
24429
32062
23026
14033
18159
25426
9504
25409
1264
6044
5277
27135
606
13986
3298
12139
7331
18544
21722
407
16671
15933
11509
8967
23765
29515
23672
29365
29796
13583
10519
21848
30778
5778
27845
17382
10500
4887
15819
9048
8296
17406
23831
18861
20983
11752
24279
21553
6237
26908
16711
13055
8923
10538
26055
3525
22264
26574
8241
26055
31347
14102
20585
6439
14715
32455
14902
11107
23842
10494
3920
30495
17936
531
24506
11557
32628
20418
25681
17578
32321
25485
22438
16595
24726
11356
20745
28535
16765
2919
21990
1319
29913
28757
5461
14955
16282
165
492
20047
24627
20046
15831
4638
31566
24994
3371
25198
16574
6776
17016
12636
23733
11402
22942
1561
2359
15132
13537
5542
21454
22495
12351
22747
27520
26900
32512
17326
2814
15092
1936
434
21278
16464
12682
23518
10635
18037
23061
11152
28603
8274
25203
32465
9762
3293
3287
20955
20390
23730
7031
473
10578
6909
26083
23789
2638
15771
22677
29559
15
8316
4809
3733
31435
20556
5775
28646
7728
26706
16158
16020
2645
1944
29035
17809
12529
8524
15098
26400
2763
11366
21236
27032
16753
30347
12667
356
8493
7729
12602
15439
26421
30725
28480
12799
16418
25481
23822
7614
2723
21250
14574
17793
12915
2705
24711
21026
14216
23200
12719
31985
13710
22911
28032
13931
32659
24655
20910
10825
9220
20256
23575
17597
27864
23638
27804
7416
12299
29521
14640
26863
1102
26189
18478
24159
11773
30598
25840
9486
22609
32160
17053
15957
28375
10055
16706
1499
11040
8723
2341
12195
10938
10414
28758
26441
8544
15416
24198
29832
31598
3306
8988
2304
1176
22010
29062
6966
26330
12479
30669
29405
5554
8982
17261
19028
31118
27908
26723
10607
28544
22941
7815
23930
28985
5924
18716
12923
31029
23155
7334
20920
30515
20893
22267
27001
26856
10707
15773
527
27380
11396
22087
9237
22037
14280
3526
13302
15515
5631
16650
9904
23580
30901
23677
29655
22376
6858
1428
26844
19647
19919
675
16783
7234
30386
21749
10723
29352
15774
14620
3313
27698
29981
390
21824
25569
31872
32593
580
17126
8576
28000
14116
25690
17701
4527
9921
24879
18407
2275
243
22631
276
28710
17685
1923
17777
24881
7621
18239
16676
29866
10725
16508
10449
16049
22245
28030
1540
31158
12357
15191
8911
21389
18517
24483
22708
4292
7744
13942
18116
31284
9544
15507
13065
18646
20819
31199
6946
984
19623
28693
14381
1264
15090
25018
31210
5873
11661
1364
15644
25244
11521
30935
16691
7608
31691
2400
8489
12389
30300
8997
21418
17581
13412
32172
30327
29788
20304
22588
26892
2321
29201
23186
31361
662
5664
28116
11950
22381
4543
8651
24210
9131
23425
29260
14326
14858
9996
247
24653
19257
16158
5925
16095
6006
16590
1051
12838
24159
7189
11140
13432
261
32140
22558
13287
2627
1399
9907
8550
4430
28675
7499
31533
10892
4812
17056
22110
23210
21410
18898
11240
16361
31885
9820
27819
26040
4366
7239
8414
30344
2216
8349
5806
16348
4767
7713
25640
15519
18176
29245
16473
6587
26849
13884
30644
26855
7658
10425
32692
30144
16149
19287
28098
28956
9905
2227
21848
26267
8109
30359
20839
12415
23059
2161
15606
23997
2259
17923
24332
15955
3266
23131
3537
2525
20706
3846
3312
21603
15332
1921
11071
17782
23275
20720
25506
17787
10643
6674
1325
5446
6962
10101
9864
1003
18782
22502
26776
14032
27567
19756
19547
14343
31941
3318
8212
16091
12429
11793
18345
26281
8129
26078
25673
18418
19630
2564
8017
10157
25914
23138
7281
12514
26149
10056
22283
27764
911
10214
28379
27455
31419
5380
10205
22114
12562
23540
8555
23006
17515
32197
2214
7521
28809
28346
18968
16220
28133
2554
1688
1627
11694
28041
20333
15510
5903
21111
28086
27075
10672
13656
14601
24367
10623
25332
16730
18957
14256
15679
20510
16398
32002
19595
1201
31282
18757
28924
4085
12765
19481
18492
21309
21549
19192
7025
26217
32651
30839
26988
18770
32640
20680
24867
17512
15050
8068
24674
15513
18352
4775
19133
32373
6802
32477
19657
17552
708
14588
24460
32040
27037
10449
8241
4872
1994
31007
20480
15788
1256
2277
4238
7334
13651
480
12337
8769
27192
14417
6839
4451
2034
14336
16984
4792
22163
8833
5352
9484
16576
17078
20818
27897
29891
31125
20801
10179
7131
26667
6944
17792
7126
31457
20549
28284
5858
14847
19305
30683
7585
878
860
2944
18299
4546
1526
1838
9528
29816
8017
22253
16846
23931
309
20144
9591
26605
32468
18228
3847
15397
12472
555
22397
13556
5369
6554
13272
27181
32691
32384
18732
17508
28599
19128
18164
32245
7041
27168
31658
13641
19051
24315
6037
29780
20000
9620
4579
20834
12370
31525
25591
3348
26800
3062
3844
20901
12050
19657
8155
30578
15863
886
9473
29370
6450
17107
19205
20130
11488
24022
4880
22908
22685
5630
22462
26184
15096
2286
5164
18299
20772
8540
8531
26368
16112
3881
23956
8061
21240
2769
29331
15063
6941
26630
11593
14840
7476
15256
7253
18896
2043
6296
26771
2457
28753
10429
7152
1632
28326
9222
19069
4033
12464
27553
20930
18930
21343
19468
8788
8451
6420
10874
18346
355
20494
8568
8748
31143
32036
20688
1933
10631
7866
25774
15707
8745
7150
6145
468
7075
13330
13860
5884
9147
607
24510
1004
10736
27111
5863
109
3263
32204
22156
16069
3103
14768
14612
2001
17742
7788
29251
23892
7119
1797
8287
5775
13236
18908
14482
11026
24857
31268
4752
8145
12529
23961
22393
19066
28421
27247
22529
24326
19769
24969
3534
31631
4113
22764
19490
9825
25717
19059
25529
29267
17073
31428
15861
15704
704
19586
13112
15697
1482
21445
8337
20261
6379
15815
156
15380
30006
24800
2979
26952
250
2228
8969
9645
13891
21163
3049
2563
21156
11937
15610
7986
13364
22495
17334
16093
2007
23114
1211
25145
11455
30683
23409
21280
28978
591
23789
29537
3213
32032
16917
3675
31369
7091
15621
26826
7101
28627
15794
736
16228
23646
27085
16536
31329
8254
19435
27719
28544
3483
32226
18291
27903
16719
21110
7657
845
28315
16949
3850
30993
4888
8095
358
16494
9968
22154
29836
20869
7501
15045
9503
3644
18706
10748
14125
4926
31178
1243
23229
6724
25821
17270
7847
20882
12042
10473
26025
19652
10769
23099
12726
29386
6832
23689
14737
3378
6865
15968
31899
23717
27650
28778
18666
22197
20005
4429
26522
28886
11881
12496
25448
7337
17017
20032
7548
22913
25587
5650
9351
32544
16411
8905
526
9665
12241
17690
29190
20316
19392
5966
14496
13861
4313
24553
2662
25685
10496
1929
14983
31022
11268
9744
9071
16185
27861
27397
32155
30675
9969
25912
6316
32743
8224
28069
10938
12797
4705
14747
10730
10612
29220
22558
25667
19211
25785
7817
18877
13991
31497
18552
7323
1616
1156
20196
31739
32380
3674
14992
31916
5008
25326
30116
17471
26788
7560
24728
23137
11142
9801
11860
9320
29186
10853
19350
16171
31841
25740
21907
11031
304
18857
25569
32383
26179
28111
10644
4660
2809
13680
12712
23638
1984
9937
15007
28009
1756
28602
30058
17323
6757
29554
11149
26789
13199
29931
4223
3329
7983
12601
16975
5787
11130
32328
15757
21723
23311
16847
18536
20289
18744
21632
6420
25153
9068
9602
15215
7762
23577
12832
31203
7490
31393
9667
19854
16844
11426
13853
6560
5484
31867
4008
13829
14450
20748
26191
3397
6230
6845
32362
20904
24651
20929
16880
3485
22550
10652
13800
4956
9505
7650
25633
4043
8651
15426
3363
17566
16131
20420
13925
11715
9237
20815
26817
5629
195
16750
13092
24271
17816
20307
17802
32667
13945
28957
14378
11
2941
20822
21229
29104
5119
13760
26917
11497
4081
17233
7548
21767
13170
17276
8746
26542
2211
20146
18796
23422
9143
41
31281
4595
23882
5852
23830
8330
1780
10195
21908
13606
19997
17828
7032
6577
16659
16698
2196
6918
10841
26581
28341
22287
13891
25170
2517
13866
5823
6573
25233
5074
6518
17604
13533
23163
25620
861
12022
5821
19171
10859
7320
17845
30111
9613
21106
25257
18054
4568
28119
30698
14254
30166
15542
14079
8859
15054
25036
23551
9745
19270
2328
24639
7719
31431
16527
16429
25245
6880
18706
22652
16239
24941
29597
7810
23466
1050
24257
14302
639
11554
10324
13661
662
11613
26471
29983
6053
3961
632
28661
4672
28807
13801
30222
12787
16826
24241
7891
25998
22380
23890
28687
26048
26978
9483
83
24039
26705
19278
6297
5927
19617
11124
6439
22969
17008
29360
9654
30854
22234
10305
23764
15093
2680
1516
7815
6401
27942
13482
9779
32142
9994
16798
31677
765
4818
24393
32753
24062
19772
18177
6177
27301
24028
20127
15631
4033
23834
1657
28942
27753
15226
29584
24931
983
3616
14858
14065
23418
1171
19426
23062
16198
27585
28638
11728
8271
25155
13505
1572
16790
8675
9410
24000
10018
603
19774
3807
31571
6496
28330
4973
24180
7135
26827
4203
21647
25735
14121
12438
17797
17287
4545
4675
17245
31641
1530
19598
2781
4159
7130
20403
29271
18764
23418
9404
15046
4007
18103
20573
30490
1868
6955
23836
32207
2707
28764
20660
6340
27317
1586
4284
26443
6540
22447
31364
9852
8346
17882
12864
21456
2381
28412
28008
24043
6785
1551
15454
22456
3911
15988
5970
25019
10981
8164
12899
15779
19998
22185
23814
16415
29107
21518
28844
5363
10793
21268
4767
2379
6349
5478
19757
20559
28150
27791
17417
30199
24714
25451
2030
29729
16067
7131
19845
7649
31795
13501
2953
21784
24838
19484
17449
15944
16008
29091
32174
26278
19687
7512
11869
4209
5689
32391
8095
6531
4800
14075
3167
12326
23149
22132
32436
18984
4004
10838
12480
4658
26431
13727
29912
16213
29141
25883
26852
2790
2620
21467
30985
14476
3404
13283
30086
25751
16102
12067
16348
3219
53
21673
21298
1565
15156
26132
11255
22518
10097
6476
21193
10582
19472
8816
3734
15235
25362
6672
513
8609
472
5021
14343
10956
10978
30749
25570
12900
11485
31011
22573
19112
29405
12287
31050
30087
10727
15666
12033
24498
24498
31781
6505
20982
32430
7962
3340
19657
19270
18274
6726
547
18018
28112
9198
8591
6449
12143
18744
10881
28197
21104
9946
14570
23359
5990
13166
10
16780
10934
15128
26501
17904
19016
15976
32442
18210
29571
14466
14928
29944
11641
4220
12305
27877
17246
14855
17660
32704
831
18770
405
1222
21744
32299
128
24035
15687
2664
11086
4397
8583
6021
14743
7089
24351
20366
9801
24947
2965
27967
3903
24240
28861
5995
13078
32358
6446
2970
316
14871
246
23542
28745
26313
16013
17512
3731
21329
14344
23294
252
7121
14479
8080
25615
22144
31249
11939
17228
32169
30518
7053
6847
15095
6550
13786
5848
30703
6184
15855
1654
22462
6653
19693
13125
32309
28974
29656
5194
18450
531
22009
3772
22657
10933
17024
14614
8162
16006
4462
21610
16333
27216
18354
28664
28755
5228
18066
27391
19079
3380
2637
18643
7230
9146
15359
2864
10514
29371
6852
1742
31917
31182
32
26165
12868
22241
927
20179
21857
13286
440
23628
16358
15562
2551
26129
6479
12711
30812
17204
23351
26938
15870
123
32541
22423
7411
15539
14697
27931
23412
8006
26026
24995
12861
7440
2082
16379
31283
32623
2180
17818
23881
24985
2556
27276
3748
6195
1136
9647
19966
14111
774
16674
14920
10645
11238
21243
14227
4213
30017
11832
27696
23259
11154
24569
6422
19700
11555
3308
20869
26897
32467
17160
21993
28410
7704
4990
5633
25989
13376
2284
7744
25191
3836
19924
29812
1097
542
5966
10149
21279
5794
10233
5952
31413
10987
32567
13685
5002
26704
2202
18653
28130
12759
24473
29024
4887
28736
31624
29782
28976
24390
22471
5100
25780
16417
27705
30153
5313
5455
2551
23794
21848
19348
28742
15083
1019
29760
11719
23584
4730
29872
8686
13187
13322
20247
12981
2421
24727
26751
2706
4586
8795
28682
29350
11720
25008
19326
7479
23441
8994
11520
29792
6978
27593
13856
16647
18811
16342
19478
15888
13791
28523
331
27600
30910
9648
14364
14277
19442
28195
25306
19588
27398
9263
1301
7666
16030
257
23066
1463
22290
15255
17594
1008
31325
28441
27725
30756
18742
15213
10999
26234
16252
21510
12586
7465
5079
28924
620
20015
15005
22114
12123
28998
4082
26068
28910
532
27956
28239
2301
28322
11670
11845
3076
18959
26122
15345
30756
6022
21605
18409
15722
16749
18877
28146
6996
4319
5142
2071
30609
14685
11070
14333
4617
19648
9462
6769
14877
11122
13394
22851
26928
17630
14435
3927
26214
15397
7699
13049
22443
17683
6479
31345
25592
19793
31084
28375
19153
17884
7363
8489
5395
8373
18335
13723
17132
22235
25178
14638
6955
2678
25282
30084
32698
6485
25793
14067
27496
13210
13886
14552
31980
19124
23102
11310
13095
27790
18255
3167
16042
24326
25894
13913
3192
4001
3463
30181
28173
11133
5221
32052
671
29575
6987
31419
17827
8429
13306
16706
26259
28119
5716
13879
19951
5714
28024
31303
29570
25996
47
48
27110
9031
14471
1488
17226
30088
20157
9090
13171
2703
7008
26027
4865
7948
21684
9360
10228
13456
15189
3691
22382
3138
31260
6077
9402
14803
15686
17893
8590
25268
17619
2034
13197
32134
30253
4534
21264
9682
12554
27931
10022
22522
27539
13755
8922
10607
22982
12970
1972
20773
9241
17046
29058
5188
29024
19987
20311
27425
18416
13360
28117
29292
2565
25934
30376
31915
4449
8242
2387
22502
11830
1368
20783
7076
3398
29834
15536
4887
18761
26802
14827
6036
11151
17901
7253
28486
24550
19936
4046
1058
8126
11855
15582
1821
6283
24043
574
21405
4459
15212
26522
10030
5129
8928
11669
375
7361
27971
7950
16492
5637
3663
1953
19653
8959
17557
29553
27310
32119
4045
7205
704
27384
24939
10033
30512
3374
15219
6487
22854
4499
12685
9069
4881
1099
92
11360
22874
19019
12044
15481
31190
1729
28458
11743
22943
28592
11961
18014
14309
21979
4226
7782
2273
25573
16043
31063
32011
22710
19339
29435
2189
16673
5309
9812
32503
29891
23667
12697
5940
23086
3341
15227
27581
13895
23275
23980
19212
2796
14463
6306
27732
18650
20646
13465
23663
22734
31544
13271
14104
16363
24541
14899
90
25436
15139
3544
12872
12090
31182
5447
21231
9392
7792
30363
9865
4957
9529
15377
20980
505
23055
8647
354
2620
21729
28868
26449
11259
4153
2873
10174
23445
19985
3590
917
20365
16104
11136
22637
20856
7957
9074
18546
5658
15962
31842
7842
24780
9660
25109
17213
30240
20370
19797
21622
8648
9693
22769
14191
21428
15063
26630
13668
6267
28623
381
31015
28924
32307
1237
204
19781
5871
7202
22437
11956
3061
3926
11377
13659
14365
23744
6096
7337
6448
15058
9978
27463
20543
26407
32433
23105
31802
26309
10868
14182
8894
7071
27638
18161
6957
21342
7886
26729
12292
13152
1136
709
27241
9729
3164
31700
15364
11546
27797
16092
31504
15816
7765
5762
25778
2415
4863
24041
6537
22526
13653
19742
18566
22388
2795
25780
31742
1187
2523
15531
15613
4403
30395
14999
222
27371
24268
29437
5400
18476
628
14849
32091
23998
17391
10046
30684
8656
28225
4342
7149
16441
26735
17003
18128
9220
10478
29068
19149
14892
32092
14292
5250
20900
31342
4720
14971
15514
10282
11680
11010
5885
15958
32607
27704
22077
1328
30022
8805
1618
11871
14766
20621
22527
14890
21525
1860
25688
15592
10435
30146
18818
6327
7084
4410
1210
32625
23193
18024
11672
20700
4739
26986
30357
10529
5183
22480
5836
13184
11361
246
253
5441
12890
18578
3031
1262
4835
30601
28535
25023
22943
12039
15404
24406
32251
4558
11901
6572
30554
6094
1133
9548
23663
16374
14333
28607
4585
5195
17139
1095
19542
13367
20442
2256
26945
22819
31818
1827
25502
2376
4201
22109
26473
27841
20402
14495
18569
30949
18165
264
24826
26069
15263
21984
6699
8785
8252
25366
9637
14800
12858
4333
10478
24783
9456
4850
24749
7017
32223
25393
32526
12840
1591
32168
18792
26907
30109
28668
14622
11560
14891
4459
9155
11172
440
30466
11905
2081
26714
30736
4283
9351
28714
22234
27121
12135
9799
24976
12004
27787
6430
8064
29179
27602
1000
24202
2790
8763
21363
13524
24961
6463
26662
19135
24571
10340
14656
281
20535
27919
15712
18324
10354
29849
15434
14198
2855
19622
28136
18067
32303
28082
2703
9848
7469
13293
12420
9194
19241
23113
17087
6799
10107
11217
9454
20714
18923
24380
30909
20621
2582
20674
16469
3721
22036
3630
2594
30762
23639
26933
2522
14305
3286
1030
17083
18050
13675
3106
10004
7343
15738
5998
20742
6292
17620
22406
14476
27606
10715
5973
2745
9669
15078
14051
1601
11737
5863
6509
315
16988
331
14779
31781
20324
11553
22702
26153
12804
17279
31257
30366
15299
10529
9169
16338
2637
18260
4872
24327
1897
23570
23510
28091
9515
5487
10009
6189
10859
31796
639
32028
9078
29129
30433
15058
19202
17752
22739
19809
32616
9263
1913
8749
6157
26982
3484
1194
12065
4290
22780
18535
13197
20698
31720
21580
22310
8312
11533
29472
11559
11074
31116
3405
3294
31130
23887
12264
3237
20418
13724
1260
10516
2116
16874
8390
27765
28049
9972
18711
10872
22248
10253
6325
9257
3193
2739
9459
10270
14027
22630
2082
757
23899
29371
30039
21502
14470
11692
14703
6708
23208
25650
19793
3442
29830
15126
23923
6115
14569
1539
27296
955
9100
737
26616
12580
10040
24414
31288
26747
1838
15565
15419
7357
24517
9780
11457
12860
8788
11424
10608
7575
2130
7612
6936
28392
16828
2210
14139
7487
25271
1265
31437
9808
21623
28704
16952
22120
19807
5394
8867
19622
5226
29162
26740
3943
5065
4128
24339
17666
32462
8917
17905
25782
3848
24419
5834
29664
7344
17465
295
9073
5699
16870
16166
24992
7025
31347
10109
13276
16182
2806
8381
27909
13639
4964
22996
5083
28335
28839
27606
3511
27066
23792
18685
24953
14610
27215
7406
9921
1576
2945
573
30050
4821
7945
12596
26899
32322
12418
3024
3432
20741
25651
11021
17921
5260
16612
20835
1794
31167
19440
26257
29122
21217
11164
24729
10696
25783
17319
15884
30195
21229
34
30087
504
11189
17026
32382
21522
22193
9460
22328
19188
27411
2032
11291
14339
12547
7697
1066
27074
21057
27172
5836
14989
32267
25471
11983
30603
1089
13460
16044
13278
11207
18373
2573
23580
18475
5754
2188
7683
21127
28273
26046
30824
2473
8534
17008
1905
23922
21140
6960
24836
10620
22378
30736
5503
767
23873
18854
10410
7670
19005
5975
5866
3453
3090
25302
15031
25470
18713
25831
9807
29580
10147
1897
17836
15631
8077
16531
23732
16546
2580
13182
13745
17593
25579
14819
5120
19847
30091
15143
16141
19487
21963
29844
14719
18649
31408
5866
30895
3319
19590
23830
12383
3976
28463
65
1705
10637
13756
11532
17461
21851
29754
24090
21679
32064
9166
16336
11128
7529
3333
344
24732
15619
27749
14060
6661
673
17736
12625
5358
26590
22250
28321
25498
20547
26560
2126
13125
1899
23307
16996
11867
27236
17582
8206
20200
16473
28476
8540
13647
1646
2134
3651
22336
13036
26420
29414
6884
13214
8577
12563
12890
11131
25196
19217
19303
13188
14332
19353
26473
8944
19107
28450
28557
8839
13079
29282
22850
3916
25181
10769
28398
28766
20518
18416
4319
1056
25439
28938
644
10392
18692
2361
6109
8981
11573
22509
22320
2837
2699
27177
25342
23653
940
21966
16437
29834
31517
16924
19623
32608
23896
22902
31163
5889
20767
2149
8034
6888
16911
11744
31565
599
31096
8395
12382
11765
14700
11965
23132
31932
3606
30726
2538
10258
18765
19697
15546
11062
23657
28742
9726
14814
1110
25363
23327
2591
31719
7596
14514
30092
10348
23025
5032
13730
29830
21199
2756
16228
19770
7434
3155
578
30021
32057
25623
3647
8879
24338
25988
25939
6819
20967
1583
31758
16254
11889
31875
11647
17702
18893
14005
9812
32669
22980
15867
2882
32726
28239
23033
24232
29383
9306
2172
26991
30399
30153
7531
11060
23290
19129
7931
5545
32115
12296
12833
5944
15097
22295
11085
14570
9605
17102
5973
21384
29899
17889
20655
8192
25871
13906
29924
9993
30778
31288
20033
21514
19757
20926
1488
12088
341
622
12679
767
20607
18352
4798
28836
26350
11405
6375
14376
6571
12985
31865
14191
31005
27345
1581
25762
29145
25057
22125
18385
28603
2089
16649
14301
14134
29985
4397
24213
26856
11450
18832
18463
25458
18919
13549
410
30598
12892
23223
2817
8770
14229
11273
8274
16828
18715
31964
7664
30686
7171
7548
1094
12148
27575
10301
24238
30595
14329
22377
4497
10460
9252
30590
21455
2546
23477
18838
22369
25833
8203
27175
25917
17391
25451
4076
28793
18383
5447
14115
25780
19651
960
3321
13234
20874
30313
12099
26182
21691
26190
5230
13429
7257
30517
12217
26840
7079
5667
9633
4930
27454
24866
9373
20131
1884
15426
13836
7724
18559
14302
7020
9652
18995
11296
3020
16731
13352
11719
25988
16493
6535
16424
10275
18313
25222
26739
19113
7682
29755
1592
16887
27269
2733
5418
19331
8956
31025
15394
20560
13235
17652
19815
29726
8633
19924
7212
9438
11402
31092
19290
15976
13034
5263
31120
5744
24340
24204
28264
1206
24084
29523
11517
15230
9842
1888
4010
1088
4624
10773
20756
13472
20309
597
9834
28576
28043
14670
20203
1813
2182
1942
15529
4440
22407
6266
14989
1853
9056
14227
13212
32329
26584
31898
32632
21279
9296
27004
22570
22588
8103
11953
23838
23780
9052
2506
18287
8284
29170
29258
13158
1370
31897
2231
9021
6586
7178
31729
7976
18034
20659
22722
5782
15304
19988
30645
26291
28099
21865
32044
10802
13535
9097
8109
13899
26372
30222
10365
26879
31929
27574
25200
11427
5782
17417
27391
21660
30455
16956
6555
14184
17400
14166
28993
10718
9629
30609
20559
16310
5200
16131
21142
30027
27537
18813
6576
9888
5353
8628
28563
30625
24351
27550
30567
4524
21935
11807
24725
23120
11384
24549
20513
1877
5045
15249
29753
13308
2094
7959
30222
23431
29616
31335
15842
23804
12730
4429
15714
27687
19577
5269
13367
5086
1526
22132
8920
11657
399
7715
24482
29153
8612
24269
554
1783
28050
21931
6354
12152
5093
21358
23706
32560
23753
13533
22329
14542
8386
20159
12141
14567
6045
20731
3983
4669
5031
25854
23146
16192
32028
2909
8781
3285
8674
31931
5727
8791
11639
4590
23091
19163
23849
30557
31644
25529
17541
12204
31427
5192
13841
10652
6262
13032
9278
27948
24259
31558
3736
9221
6086
31195
20288
276
9919
20662
23708
19321
30567
14716
21325
4256
30597
26797
23649
16813
20156
13864
17354
16414
18599
12018
21263
7595
9512
29747
17474
4977
17148
2945
24882
29776
22675
1121
8929
7826
12063
5899
25913
12493
5100
8302
762
1546
29679
8052
28151
15654
21921
6023
6018
20345
9486
31828
15653
31414
1576
2767
28051
530
8546
13175
23005
2729
7802
31195
18153
5917
16790
27997
13089
26240
24211
7990
1128
14964
5786
14778
21074
18576
5108
7389
8340
23302
14367
9207
7609
25731
28705
30916
14871
2903
8988
6063
11010
28630
28451
26960
11839
12798
10316
5427
8635
31322
19974
29147
17277
2597
27309
13830
11738
5811
4444
20275
25576
29709
28163
354
565
21212
7097
13339
26552
5512
13651
4273
27399
160
21557
21960
28619
19069
29032
1045
28785
20002
23789
18533
20515
25959
16209
18145
2295
11863
22914
11152
2662
16342
30433
9245
23551
4487
17816
9947
22620
6892
2350
11014
5206
28111
23385
13900
18037
20449
28435
25483
17066
6050
2543
18141
24129
20608
10158
21202
20497
27203
31757
8956
24822
30632
18146
20401
129
16460
11879
12044
4589
10700
5078
10037
1365
15403
5686
30178
4389
17780
14196
4382
8143
24736
22453
1354
17855
25529
31467
29793
21392
31040
3238
6784
22656
26829
5678
31653
10529
21237
6862
7862
15954
25712
3698
31174
110
17531
6773
29589
21187
17020
9396
7765
29510
1765
19687
4020
644
19290
21553
31254
18396
24086
8949
27426
1516
29835
24812
21377
29513
4424
21364
15330
11123
288
30251
19266
11272
13193
445
618
12855
29250
21754
20665
3192
15417
29740
26147
13434
18347
4775
26234
17757
28557
23201
25068
8738
4139
26436
14030
24672
5903
9474
16536
19256
18980
3113
30768
4746
2587
27063
26987
31337
5134
10863
8657
7885
1635
23596
31904
8072
11508
22902
28692
18556
22636
21331
16358
2570
17652
11615
14610
21966
21520
24607
23262
13193
7619
21907
4376
8798
7418
29706
25503
6722
31528
19258
16165
16814
16173
6032
15154
11158
25468
4037
364
12703
6013
12466
14871
16013
12336
31589
8664
7418
3092
22900
11454
7758
28231
7057
23170
11755
5358
18015
8206
9384
3799
8581
2621
28801
5213
15616
32226
25741
26508
24765
14603
17712
32646
6759
31111
25745
805
23934
27813
25422
22242
27049
19519
26991
16886
27469
19703
27545
28351
2654
16833
20612
19044
23413
6306
2735
1980
26403
5303
31315
18796
15238
27000
11157
14160
15385
6974
17663
797
9168
18691
14897
8260
28005
17257
5844
13081
5612
5374
30160
31540
28078
24511
30911
15639
27444
13275
21409
28434
13474
17337
16593
11620
21319
6459
28984
14755
17777
12357
19648
2398
25222
6777
5899
