30965
31469
32125
17434
3656
31448
9293
10547
27300
31256
17369
25581
6812
17660
24832
26681
31405
23845
29106
9181
4826
30360
13743
1058
21907
19218
3217
973
17883
14236
27917
21841
18602
22622
24950
32067
9616
5816
11650
28942
31388
23951
337
3560
10108
26597
23979
31749
29669
23981
3466
21002
30006
13021
22744
3268
30552
31940
21625
12058
27880
12702
29580
7744
10904
1638
15854
3630
29138
24299
20480
4689
3743
1062
1963
9856
3272
5323
673
17457
18491
25630
20965
22509
23727
15112
1677
11009
14475
12138
31687
5495
22276
1457
538
3140
25990
20651
20462
24515
22614
17305
23375
15970
12917
27269
238
20380
1223
15573
7272
31527
26740
15905
30155
12398
30863
8514
10327
16961
3830
8619
26241
10955
18553
1789
16190
19397
5182
1749
18557
32490
21091
30952
21237
2731
17894
4435
2850
20259
24002
5420
11146
16205
6491
15709
9285
31349
3100
15282
23484
6636
17503
5680
27825
1792
6541
19625
1408
27947
9606
31885
19620
7307
27971
30467
28284
28818
31930
32056
14415
3839
31233
5879
25743
4877
29623
14203
31834
30954
28320
9345
29254
23914
30351
21409
23134
26109
13961
12765
25448
25823
23591
2427
30058
3470
19004
31248
6508
19841
24248
14046
3710
7447
20428
32607
12285
23758
25679
1570
4371
4789
2913
14806
29053
7204
5966
9381
28561
10154
8117
21955
7039
2887
20201
2374
20439
19163
7831
568
29515
25311
18345
19178
1975
11091
26987
20364
10846
26359
11244
1787
26998
21182
25000
7642
4840
18816
27747
22500
24657
20463
26968
7040
9292
7372
26771
23446
23795
29019
13212
21410
20387
22036
26453
18951
4608
3995
25893
19621
9273
24562
24406
7085
142
26606
1212
14004
17423
15591
3992
16391
21670
1716
15291
10815
10327
14806
26607
25621
4551
16884
26258
30327
13819
12424
16772
18651
3939
17367
30020
32723
8727
23078
26453
10721
17760
9515
7143
11917
9850
12738
28339
13238
26776
6113
21287
27942
1577
26318
24515
2665
22362
8591
10435
14046
25052
24483
11774
24590
21991
26095
24590
13885
23679
19451
177
6975
6902
350
25199
29581
4018
18295
19325
3480
11312
29534
32738
4957
20553
3098
14040
14906
2740
6421
32629
9472
17101
13517
22666
11337
12180
14283
32716
268
16377
4057
15409
23918
22615
6000
10141
14299
2366
368
15294
11350
9077
11539
9780
4109
19775
30244
10230
25393
31966
21868
1009
5380
31830
25966
16626
20020
23155
8020
17093
13671
27917
25640
32415
25111
18571
9799
20153
29088
20646
18195
10558
29335
18032
31977
15975
6750
30612
21843
16868
30965
29407
10110
25471
7955
26111
2798
15100
27254
2187
9840
11075
27767
14404
27472
193
7905
10907
4301
20235
23299
22387
25546
20932
18180
295
16070
21698
11639
32207
15886
26476
29487
9663
1073
24422
8021
2897
8885
28273
10679
24549
31496
20364
867
10789
11193
20319
3445
12686
24040
13274
29229
17196
1788
18202
5189
13220
29332
2444
2177
17016
10431
20308
19847
17031
1135
19696
13809
11219
3627
22296
14497
31367
28421
23017
6996
32569
4044
19267
11130
1132
14466
